,hepatotoxic,THepatitis,alcoholism,gallstones,choledocholithotomy,hospital,injections,surgery,transfusion,ChHepatitis,vh_amn,sex,PBC,age,fibrosis,diabetes,obesity,Steatosis,Cirrhosis,Hyperbilirubinemia,triglycerides,RHepatitis,fatigue,bilirubin,itching,upper_pain,fat,pain_ruq,pressure_ruq,phosphatase,skin,ama,le_cells,joints,pain,proteins,edema,platelet,inr,bleeding,flatulence,alcohol,encephalopathy,urea,ascites,hepatomegaly,hepatalgia,density,ESR,alt,ast,amylase,ggtp,cholesterol,hbsag,hbsag_anti,anorexia,nausea,spleen,consciousness,spiders,jaundice,albumin,edge,irregular_liver,hbc_anti,hcv_anti,palms,hbeag,carcinoma
hepatotoxic,0.0,0.868990117952265,0.8318980384306537,0.7791089484717124,0.7228277285384166,0.7743441246591557,0.7806626390550137,0.7884841825502555,0.7837478641189379,0.825915035099733,0.7655228723783829,0.8038130819068603,0.814616915677867,0.8139348721493654,0.8116327857169248,0.8400600227455325,0.8129076646775129,0.837546586048024,0.8262484874872167,0.7951855786202168,0.7960026503484002,0.8463901472179781,0.797327737289915,0.8101481321957049,0.7989360565228067,0.811418676161824,0.7898501506294426,0.81505872550835,0.774379705471277,0.8235968189642552,0.806513947880189,0.742762041592676,0.8036744255100992,0.7932532448293308,0.7741166790712023,0.8151839241883735,0.7492528449793249,0.7843829672555916,0.7637677172627205,0.7861447979936617,0.7674274332020792,0.8599335414132855,0.8057776357881246,0.7966325283285252,0.7764574975291366,0.8184777735511033,0.81414955320154,0.7771971640836524,0.8136410150510862,0.8311815920352816,0.8205917139787411,0.7931073054511368,0.7784614963665085,0.8085030823532298,0.7507563955672983,0.7360885375753863,0.8090572212790385,0.8367251968835105,0.7569804511585074,0.7794086978295008,0.7899177443826552,0.7916867925928008,0.7738888253276234,0.7599237604840339,0.7891128731944225,0.732092670111912,0.741347253968442,0.7748886472283592,0.7521007520351701,0.813034060258774
THepatitis,0.868990117952265,0.0,0.8175419652848408,0.7986254151342952,0.7291090476542179,0.7772578343998945,0.7888374230616473,0.8023506238498359,0.7819571449778355,0.8017347641078488,0.7877241602612178,0.7983792038245235,0.7994878102448217,0.808496857086026,0.8129001388551138,0.8371114469684519,0.799240307257212,0.8267734418070393,0.8001719036994216,0.807564356310501,0.8121236873660637,0.8157925624023836,0.797603296445292,0.811002362308838,0.7949375728585298,0.8039828562279312,0.7859904099781588,0.8369950821877473,0.7830213361172664,0.8185006328934143,0.8084702790630592,0.7442743729513316,0.7964096272753682,0.8013817376252959,0.7828491472564579,0.8122413048000814,0.7639519197603793,0.7850931227547315,0.7812517058983496,0.814007318934951,0.7753775173623855,0.834818806211371,0.828884710369528,0.8228151634188073,0.7958749777284463,0.8305884248245496,0.8142111129168177,0.78284961056167,0.8147063097327072,0.8357255334665563,0.8572340934319882,0.8370898372536447,0.802662251659414,0.815447450087896,0.7670380298337475,0.7331173607952629,0.8108403997141025,0.8338876337387565,0.7727806320278785,0.8070325073674424,0.8041729712663109,0.8119302950399961,0.7930813140166699,0.766322447428294,0.7796132103179737,0.7416510127345842,0.7514408677928546,0.7816804680554269,0.7967339550034132,0.7921980675810987
alcoholism,0.8318980384306537,0.8175419652848408,0.0,0.812091901925942,0.7490185398906155,0.7931476858519456,0.785773783060276,0.7901418174731137,0.7851885887969734,0.8982556287241867,0.8130465296290745,0.8281037587995718,0.8501752611035842,0.8415477685945195,0.8411631270974672,0.8483438463058465,0.8933126627340484,0.8207756242662991,0.8831766788417043,0.7881770198617533,0.807888018131141,0.8167964312732198,0.8004054587142377,0.7988135253274451,0.7952128619433744,0.8055344723687334,0.809422046527064,0.7756339186893688,0.8208736793383434,0.7705412627648017,0.8050351539217697,0.7544291243162384,0.7865526192191054,0.7963987886251465,0.7847876581646543,0.8057669427603852,0.7594164918372324,0.7704076175753614,0.7609498278870785,0.8101078710480055,0.787390639101838,0.8839331893821759,0.824914804130262,0.7868171805421637,0.810731096342701,0.8196513473676328,0.7920076702959505,0.7985998983601061,0.8398760801461326,0.7744193987788114,0.79132633977261,0.8228352461756352,0.8325559588930769,0.8087277580334669,0.7709309524927369,0.7384012011329635,0.8028593591341429,0.823636974031862,0.7994876732923162,0.8141171127616087,0.7995817562987602,0.7960393188488674,0.8129187113618672,0.7726891191239917,0.8219372491451171,0.7795559696866837,0.7816732527365761,0.827156945648174,0.7973100177194162,0.8407457163568978
gallstones,0.7791089484717124,0.7986254151342952,0.812091901925942,0.0,0.8321126997848095,0.7644638051274322,0.7623753987561451,0.8240232056983406,0.7723997966520091,0.813785746466331,0.8050340188073934,0.7949660352085085,0.8458431799692211,0.7756943403512085,0.8502954892534584,0.8050328325101824,0.8041925026778701,0.7775344547720241,0.8049414633625929,0.8291280451860344,0.7918290624607754,0.7830368132500339,0.7622026462717671,0.8358253158734839,0.8346620494698311,0.8029270167746212,0.7659512570442234,0.8037027506085779,0.8035089258081352,0.824737475522367,0.8072332174512878,0.7691695344539589,0.7708948285650158,0.7727948125139446,0.7883597691618028,0.7841049762005246,0.7577147405716181,0.7772000935039535,0.755524284342772,0.8350199957179053,0.8326880103445143,0.7923624910773941,0.8095733359486472,0.7952194968516403,0.7984445742756391,0.7991667578096505,0.7893157504513109,0.7768054236576633,0.7931158758947312,0.767101410643264,0.7751942730282497,0.8395564016716137,0.8103885465208034,0.8189667429103231,0.7692915320232748,0.7244325730349754,0.7834283725140971,0.7882627722523413,0.8055766332030595,0.779781826516292,0.7917014663396386,0.8333914076856923,0.7780910363841596,0.7622033797399564,0.792601707933189,0.7463028394844662,0.7521966001797792,0.775422257179764,0.8022081762300555,0.7999920377050015
choledocholithotomy,0.7228277285384166,0.7291090476542179,0.7490185398906155,0.8321126997848095,0.0,0.7863872934511346,0.7412672284339078,0.7687343649021011,0.7530498730108519,0.768407332411227,0.7564230646777399,0.7594409399367265,0.811609082314873,0.7511371417205609,0.7661404507720118,0.7235098455235586,0.7473219482066727,0.7452000950543208,0.7716685486793183,0.7882227681274486,0.73666438001946,0.7334053037864301,0.7321531009435563,0.7894617338766227,0.7816783214204165,0.7521384311491199,0.7404636533944297,0.764595430387878,0.756317701792852,0.8105341216808297,0.7873671897271558,0.7860609702260205,0.7487051047054895,0.7402850073179389,0.7421167344511992,0.7432145714614059,0.7203738294855033,0.7550086193464088,0.7522278436297717,0.7488864350553898,0.7822912099130742,0.739444596696935,0.7348792234241031,0.7297397611600613,0.7626921221096276,0.7441235198522138,0.7627380978330107,0.7504178749645188,0.7503103941549284,0.7442044406636259,0.733375020536346,0.7871918304562631,0.776701097370224,0.7614571554367685,0.7422770239034763,0.7835296408227508,0.7379661506700822,0.7472821727737509,0.7513530365280356,0.7224370385186579,0.7444645025998603,0.8104077622578093,0.7624630068277402,0.7768215457151257,0.7715578442142064,0.7492155903876805,0.7270802069235052,0.751546364352498,0.7298738213672377,0.7543434012780313
hospital,0.7743441246591557,0.7772578343998945,0.7931476858519456,0.7644638051274322,0.7863872934511346,0.0,0.8021646104725215,0.8403499488386158,0.7912199857396676,0.7958012667984745,0.8117978922088795,0.7977530323637861,0.7807500418590504,0.8196945404389975,0.7913838303695265,0.7981288450691575,0.8007975874971613,0.7941201639133046,0.8259251694170595,0.7878201795752169,0.7745600560902638,0.7968445263402415,0.7806784898166702,0.7841666519531285,0.7784503772612127,0.7996248100286507,0.7994407903476297,0.7742653024486381,0.796934849026337,0.7772995641183805,0.8266205874350315,0.7867432200135437,0.7829985049431786,0.7856354012825657,0.7915356465301931,0.7922896135963111,0.7537610791333897,0.7666108545408014,0.8017863313001403,0.7882494379383533,0.776082945125848,0.7713415348656858,0.7735309837176739,0.7686273085406967,0.8008892091069073,0.7928351936643249,0.7823798099667638,0.8007172695073855,0.8084056249585541,0.7793230369097658,0.786987024692131,0.7786158314825637,0.7891337938821333,0.7821755086199192,0.7818991466512184,0.7822784836339993,0.7840309681932606,0.7839456127296405,0.7805740940785122,0.7846135304108918,0.7819387424664407,0.8059107991163361,0.8019465204819858,0.8523136084902365,0.8288247068407567,0.7531733872019156,0.7735165648857587,0.7789153968454955,0.7672252262015985,0.796796360932623
injections,0.7806626390550137,0.7888374230616473,0.785773783060276,0.7623753987561451,0.7412672284339078,0.8021646104725215,0.0,0.8306037627199793,0.8737814193539264,0.7807917947241029,0.8409606905595546,0.785772125877358,0.7690955673570066,0.7925066568153922,0.7792622815336896,0.7841781875439795,0.7918277393821026,0.7718091233523829,0.7861638315271403,0.7778489737271055,0.7596091815737654,0.7821068254562427,0.7623623892497629,0.7642822635515002,0.7742417130835719,0.7708695471210207,0.7836204465740988,0.7728097082458754,0.7509827209330356,0.7616913738902786,0.7903075361556264,0.762899927609476,0.7699942862563363,0.7998965384193444,0.7566258904754766,0.7763735624217621,0.733475629599622,0.7662348208337781,0.772893025671628,0.7880148717057888,0.7421263270147952,0.7796135673956728,0.7522456038111557,0.7456352097380492,0.7763430737416276,0.7521006356394224,0.7687407628135544,0.7574467274602742,0.8032006328400604,0.7887191662775972,0.766417978202856,0.7567903167005134,0.7765633645171919,0.7635644206709018,0.8415069174882478,0.8064410819843585,0.75660562007438,0.7966623571022033,0.7743776008280541,0.7439229630132508,0.7720137224805975,0.7958570896461948,0.7725251860920649,0.7787937240940025,0.7828249133265417,0.813196360272463,0.8307235718673356,0.7780278541746282,0.8579759822595886,0.8024720177453863
surgery,0.7884841825502555,0.8023506238498359,0.7901418174731137,0.8240232056983406,0.7687343649021011,0.8403499488386158,0.8306037627199793,0.0,0.8038179796563706,0.7971428781465962,0.8388290745915117,0.7990871387794807,0.769157488238384,0.8288878280493647,0.8181263612602072,0.8247676577903511,0.8174501615726683,0.7974593827944452,0.7904991105708145,0.8053919839771154,0.7931996944921711,0.8322116910667777,0.7825178035513616,0.7761558023083059,0.7930190953113481,0.8210195962658688,0.7929907564156925,0.7951345441279708,0.7983406196942902,0.7768415315133597,0.8149333978910277,0.7387179820876114,0.7923690057204198,0.7929815674533922,0.7929221280993489,0.797004422217219,0.7602404390430041,0.7701546748116742,0.7729914378203805,0.835486513948084,0.7932404157783438,0.7982343027120371,0.7922239551940455,0.8036306575329805,0.7860916530746286,0.8069805917205186,0.7842066322949182,0.7820004893443652,0.8037216488805062,0.7761664863853012,0.7958148933283711,0.7869826676552935,0.7815715000850516,0.8038273006443797,0.8084577471083969,0.7462358781335423,0.7997908521929682,0.8082109535030618,0.7802205675072966,0.7844266506173064,0.7778860667738923,0.7913835375646512,0.7791799927452635,0.7917087637585714,0.7882970128575084,0.7660660580791838,0.7845817147862529,0.7680845087565246,0.8260441252458608,0.7998930536220734
transfusion,0.7837478641189379,0.7819571449778355,0.7851885887969734,0.7723997966520091,0.7530498730108519,0.7912199857396676,0.8737814193539264,0.8038179796563706,0.0,0.7822461197442235,0.8649699886540383,0.7853976914681948,0.7801914384935555,0.7805012013948605,0.7904269609594652,0.7786142400027212,0.7860041168759468,0.7808839866659238,0.7797392504742386,0.7888567255516784,0.7769015320205934,0.8023820487546327,0.7774476326247182,0.7817390413879313,0.7712256244766511,0.7753420841804365,0.7938641422887146,0.7609001281664537,0.7566673412343027,0.7597911359949583,0.7966457359303852,0.7698705659264616,0.7849828804936121,0.8102820904403987,0.7626172928939471,0.7936726604523012,0.7398304463704911,0.7868927328055374,0.7812442677477639,0.7757029795648795,0.7536571048284396,0.7690958022690547,0.7568407161161999,0.7657323609639053,0.7729472605697844,0.7679318424953355,0.7726214582193148,0.7676693523931901,0.8141904924276769,0.7819460380123515,0.7734188229911005,0.768066668471106,0.7739757606679216,0.7901818827207193,0.8173087162364976,0.7905975016113546,0.770678528112373,0.820508616212923,0.7915019443993141,0.7469295546534369,0.7753295691915253,0.7908091855159255,0.7977293382220892,0.7751324347461503,0.7871832767279431,0.8131855861145831,0.8154302161578734,0.7792692314628991,0.8393093487686443,0.8089750023770139
ChHepatitis,0.825915035099733,0.8017347641078488,0.8982556287241867,0.813785746466331,0.768407332411227,0.7958012667984745,0.7807917947241029,0.7971428781465962,0.7822461197442235,0.0,0.8032139399742755,0.8244886666174008,0.8579458583648941,0.8408426651232487,0.8581544827331796,0.8394177258541987,0.8773245774872137,0.8155018307060089,0.8711809973410893,0.7900788294474701,0.8100437011556632,0.8358341471554609,0.8217621317471331,0.8148745833613918,0.8084716828656802,0.8342961899502338,0.8078020716405451,0.8004040984163879,0.828303679272177,0.7803356704338454,0.8082271357590013,0.7741828410229437,0.8130405972995786,0.8049846392255925,0.7987590172560756,0.8183839560064509,0.7723982813803018,0.7912617840387345,0.7772791660698731,0.8014551212199608,0.7877173193257426,0.827119444415218,0.8223096613306409,0.7864581375025235,0.815506222020656,0.841001964431011,0.8171562480148427,0.7925296505396626,0.8506406459636369,0.791547452823353,0.7862953955738683,0.787302747262422,0.8067400290337003,0.813903516186278,0.7798737743074128,0.7523669781516747,0.8027746973206993,0.8337283309873684,0.8068173821990086,0.804776657086214,0.8032354367686816,0.8099533763423963,0.8304055034724502,0.7904444845285469,0.8277503868704705,0.8285551190318224,0.7861744032882111,0.8134693172426484,0.7902590225925374,0.8355844791360135
vh_amn,0.7655228723783829,0.7877241602612178,0.8130465296290745,0.8050340188073934,0.7564230646777399,0.8117978922088795,0.8409606905595546,0.8388290745915117,0.8649699886540383,0.8032139399742755,0.0,0.8127381444313191,0.7937722371860619,0.8240426573852637,0.791976332930392,0.7894799802632905,0.8157603380531202,0.7953770616454474,0.8126311945387075,0.7992765155178027,0.7660881741343932,0.8193189853560752,0.7740595990010218,0.7878205546419792,0.7829093024797995,0.8014432265633473,0.7707169869647276,0.7788483304072316,0.8123649727039457,0.7524950998392299,0.8169224821391855,0.7803825804058604,0.8155775820475878,0.8355892571499581,0.7856367657933437,0.7748533017657542,0.7491954201542667,0.7760173495107345,0.7869292099549683,0.8235634750646884,0.7823078447569826,0.7766110416008112,0.7737438903025586,0.7689632817958503,0.8068685430762332,0.7846263031271118,0.7767552910949561,0.7791681316568181,0.8548080530710805,0.7645933604468294,0.7951777909058781,0.8151419526885255,0.8098304003316579,0.7854426026078294,0.862229072617424,0.8006680387007398,0.7800305083491664,0.8232240186494102,0.7703221393630654,0.7786800528898612,0.769507184348248,0.8221557577188571,0.8054044915239752,0.8146168089782874,0.8328714018002623,0.8430421261250112,0.8780641418146171,0.7947543048716357,0.874008962254723,0.8383402871093294
sex,0.8038130819068603,0.7983792038245235,0.8281037587995718,0.7949660352085085,0.7594409399367265,0.7977530323637861,0.785772125877358,0.7990871387794807,0.7853976914681948,0.8244886666174008,0.8127381444313191,0.0,0.8491747577106399,0.8823212440751633,0.8298978186090906,0.8352638608808465,0.8267278812072132,0.810387697942914,0.835356545421254,0.8215402458963007,0.790902838983127,0.8375768474274567,0.801437005699126,0.7953560990749399,0.8084985336684187,0.8050217799459581,0.804415897599098,0.7839816463374056,0.7915630778732534,0.7900810296508881,0.8377579369974448,0.7962534579749107,0.8486952483705189,0.8344568435143589,0.8110828061759126,0.817677365622288,0.7663633157938701,0.7978497742904184,0.8050960632339644,0.8132714338044017,0.8112522216189593,0.8170881867223843,0.7893958100471009,0.7841599702235084,0.8126990493086051,0.813368028321756,0.7908127636803959,0.8208925656645945,0.820806022832039,0.7871381488890489,0.8182755951601055,0.8009297000897433,0.8047519862973175,0.8262779860766952,0.7835978126395179,0.7884916812724503,0.8168437165974232,0.8256223379400441,0.778633276751748,0.809896411685906,0.8070412625217042,0.8014063879808514,0.8007829193143267,0.8205545001813604,0.8180878408225276,0.7788267360427163,0.7920933405419742,0.8137713123307548,0.7861048813994649,0.8084365847506539
PBC,0.814616915677867,0.7994878102448217,0.8501752611035842,0.8458431799692211,0.811609082314873,0.7807500418590504,0.7690955673570066,0.769157488238384,0.7801914384935555,0.8579458583648941,0.7937722371860619,0.8491747577106399,0.0,0.8164873710279529,0.8213637019982455,0.8037957182382529,0.8210827525109994,0.7901301061342622,0.8580345421260376,0.8199442743337672,0.7718518604191649,0.8052072870670367,0.8077682820622478,0.8377988156538101,0.8440779077173639,0.7953110200489303,0.7761128607761137,0.78683451659977,0.8067953617493524,0.8153400559191425,0.8149224435160467,0.8378209869085782,0.8273927757327624,0.80537540724926,0.7828509374957137,0.8191481943275416,0.7627989096487828,0.8086243529109596,0.7637255548437902,0.7878089267789611,0.8296280720725938,0.8155969014905033,0.8141219788256205,0.8011586548963361,0.816664073527923,0.7827698084317035,0.7915613820648623,0.7852472963742849,0.8188523377299368,0.7893519094282474,0.7809842506783427,0.8049364600042156,0.8180487631717195,0.8227811860340432,0.768222444466437,0.7803855898416011,0.8124692161011683,0.8180793131161284,0.791263057935053,0.7926487813141531,0.8100539183114664,0.8189724378686786,0.822577527538707,0.7759050109427517,0.828109202178559,0.7886523807823997,0.7964097145206039,0.831526795836085,0.7730177586515561,0.8347278560985811
age,0.8139348721493654,0.808496857086026,0.8415477685945195,0.7756943403512085,0.7511371417205609,0.8196945404389975,0.7925066568153922,0.8288878280493647,0.7805012013948605,0.8408426651232487,0.8240426573852637,0.8823212440751633,0.8164873710279529,0.0,0.8202690026553808,0.8363393785325823,0.8514331670310009,0.8282467393604945,0.8599930857501826,0.8237545704774029,0.8086516705110202,0.8316361479496428,0.8025937392266648,0.8034383014016431,0.8138130379517368,0.8223458349674526,0.8079252900957709,0.7866582680096554,0.8297581806811243,0.7872605881396508,0.8308840889064651,0.752777451591789,0.8128384401593257,0.8104391637317141,0.8040720635632077,0.8232804340570585,0.7698124129060683,0.8029433862907758,0.8165755394928292,0.8055779558238192,0.7933961829247083,0.821511089967577,0.8129875452684037,0.7894608743918853,0.8051800750270993,0.8477240526777338,0.8118947813665627,0.8166270863148528,0.8295727294571202,0.7901020650160506,0.8175658546885854,0.7914615013774806,0.8125345474833023,0.8195223892745344,0.7760100140110036,0.7796942794378883,0.8191028896105683,0.8295317703739281,0.8013817998931573,0.8203063607605955,0.8054188986147146,0.8001063757271181,0.8207553347466638,0.8365419716567243,0.8170758930740007,0.8027738713237906,0.8004534453647227,0.8185649711113804,0.7921037146506295,0.8321539555007486
fibrosis,0.8116327857169248,0.8129001388551138,0.8411631270974672,0.8502954892534584,0.7661404507720118,0.7913838303695265,0.7792622815336896,0.8181263612602072,0.7904269609594652,0.8581544827331796,0.791976332930392,0.8298978186090906,0.8213637019982455,0.8202690026553808,0.0,0.8477343471341727,0.8349947640912018,0.81452575740164,0.8624722669095657,0.8405431849648162,0.8389338338192114,0.8155671971499023,0.8055339668687195,0.8347491293575261,0.8132370763419806,0.832362233701918,0.8004580221200642,0.7838819117536029,0.8145445956196357,0.8167755448946028,0.8387198866115417,0.7621226543590582,0.802424572867612,0.7898510280854669,0.82791392411654,0.8343173384814477,0.8104449358565546,0.8157871547873772,0.7885326153734286,0.8363483984218609,0.8193988560897506,0.8324283740931163,0.8256447892656784,0.8088863861422295,0.8503465342600709,0.8353385796632162,0.8202414511537754,0.8090605281843926,0.8157062935719082,0.8083598259504461,0.813400405655895,0.8042094428093447,0.8045652484481559,0.8544584981333418,0.7734057703384767,0.7362222664395696,0.8139799215342784,0.8087643191146904,0.8545424125934871,0.8106912330577509,0.8343278478069818,0.8248011439407239,0.8222088513755901,0.7873014488550062,0.8348610896073048,0.7703553065871903,0.7627277856998447,0.8098301748000667,0.8075198453947157,0.8090190263805956
diabetes,0.8400600227455325,0.8371114469684519,0.8483438463058465,0.8050328325101824,0.7235098455235586,0.7981288450691575,0.7841781875439795,0.8247676577903511,0.7786142400027212,0.8394177258541987,0.7894799802632905,0.8352638608808465,0.8037957182382529,0.8363393785325823,0.8477343471341727,0.0,0.8888276363365418,0.8590763115039227,0.8248718804742473,0.8181667164027937,0.846009355812133,0.835241464236231,0.8086551656700418,0.8122804389281654,0.8023108817111876,0.8226275561467549,0.857716164902147,0.8010342404879869,0.8122088560169999,0.7812923005391968,0.8238351303558415,0.7415399271626564,0.802264961259022,0.807120600979268,0.7851771874842646,0.834860736549993,0.7868681258386763,0.7904580179304793,0.7869512373023966,0.8103210571764466,0.8122002282346905,0.8333236431599392,0.8253706600208114,0.8405921681251779,0.8080103814370269,0.8446582176736729,0.8023783348695633,0.8218884328971062,0.8324601686477952,0.797715852881302,0.8091405577023804,0.8062549738466182,0.8003153453403689,0.8576042119616782,0.7746557596882657,0.7312835708781328,0.8465375646927393,0.8312440674778703,0.7914649484385012,0.8115171092782604,0.821192434691304,0.8088370500862275,0.8032770760634123,0.7783871319814919,0.7993706312488561,0.7530510173460363,0.7480792382651038,0.8088676397682955,0.7995657046580368,0.8063546596621571
obesity,0.8129076646775129,0.799240307257212,0.8933126627340484,0.8041925026778701,0.7473219482066727,0.8007975874971613,0.7918277393821026,0.8174501615726683,0.7860041168759468,0.8773245774872137,0.8157603380531202,0.8267278812072132,0.8210827525109994,0.8514331670310009,0.8349947640912018,0.8888276363365418,0.0,0.8288512072594226,0.8497565850686882,0.7990637503923169,0.8330031408393929,0.8402046641715337,0.804211577281936,0.7985326149122154,0.8000592705410213,0.8411858001817045,0.8664302441083361,0.7969260486124905,0.8483949193586287,0.7700362213694633,0.8140593785248204,0.7581484501123645,0.8034516465227813,0.8152417913714614,0.8076193198271278,0.8065012668243968,0.7826809115705354,0.7793033740539159,0.7739657500164677,0.8065385074398546,0.8125403652795293,0.8346148161991727,0.8097801244884755,0.7867571607527094,0.8142263415868837,0.8492965748416438,0.8060263715790157,0.8051817652112454,0.8444954179303007,0.7802619906787416,0.7922469546067209,0.8018426997618816,0.8042563937206242,0.8196632887123673,0.778340133227517,0.7467606630510171,0.8272389638595419,0.8314172209930331,0.8086948542665297,0.7859468850553142,0.802298419168332,0.8069658643224498,0.8125362835152374,0.7926463129957646,0.806604527234965,0.7846693299891535,0.786455902106324,0.8283353527815773,0.8148244203845063,0.8225649214001456
Steatosis,0.837546586048024,0.8267734418070393,0.8207756242662991,0.7775344547720241,0.7452000950543208,0.7941201639133046,0.7718091233523829,0.7974593827944452,0.7808839866659238,0.8155018307060089,0.7953770616454474,0.810387697942914,0.7901301061342622,0.8282467393604945,0.81452575740164,0.8590763115039227,0.8288512072594226,0.0,0.8439027953340725,0.8081724611635775,0.8742427967094726,0.8227640436818212,0.8179406569212821,0.8178024454679287,0.8026791279650034,0.8136807351323035,0.8537220165657639,0.8080849476708225,0.8163915836240229,0.8051954418820869,0.8491202901158612,0.7708398779499297,0.8286889719084021,0.8160022167177936,0.7813080959737028,0.8068177341635712,0.7688476076592358,0.7816425955800508,0.7823589048254677,0.7859020492645804,0.7886191489901373,0.8144807377522272,0.796413224188662,0.7940362130416108,0.7919932171985075,0.84622591882986,0.8088811989142887,0.8224270394457649,0.8173642794989044,0.8242740285536684,0.8167846468895262,0.7952848546078466,0.7869484993262891,0.8329924173103302,0.7873954222967108,0.7504031968695849,0.7984121704677289,0.8355538087601935,0.7731655601087892,0.8122577909225961,0.8133834738629679,0.8255738488678491,0.7921071527609874,0.7996110031348932,0.8288520198488442,0.7631428089897397,0.7692364697560105,0.784633144626984,0.7817694580040956,0.8130271345306282
Cirrhosis,0.8262484874872167,0.8001719036994216,0.8831766788417043,0.8049414633625929,0.7716685486793183,0.8259251694170595,0.7861638315271403,0.7904991105708145,0.7797392504742386,0.8711809973410893,0.8126311945387075,0.835356545421254,0.8580345421260376,0.8599930857501826,0.8624722669095657,0.8248718804742473,0.8497565850686882,0.8439027953340725,0.0,0.8101319196502872,0.8036256082612369,0.8254510989321383,0.8251708534761673,0.808702646966248,0.8070701546440415,0.8266291365507468,0.8157790816649693,0.7864562431063205,0.8320502705648958,0.8003952131302632,0.841391278164077,0.7886944348971006,0.8213484755718672,0.8109551449441204,0.8121442392727565,0.8156087085141619,0.757086861128344,0.8013831402849744,0.7861101816160998,0.8114622986617352,0.806037415880383,0.834171871605174,0.8085803408411508,0.7903151032538686,0.8125508940249859,0.8163779615813428,0.8133285778879495,0.8052619945002343,0.8412357556655068,0.7954777757801997,0.8168435282442471,0.7985800246489863,0.8103513147553408,0.8262192701409721,0.7846359745766966,0.7566372440923786,0.8111155567829854,0.8142000424559506,0.8011836370241391,0.8090143493111837,0.8245162311818603,0.8153855411148337,0.8271435433013581,0.8138971017852721,0.8817520343856478,0.7940993361918794,0.7932062807025897,0.8289793023057633,0.7901572947926888,0.8598276749815053
Hyperbilirubinemia,0.7951855786202168,0.807564356310501,0.7881770198617533,0.8291280451860344,0.7882227681274486,0.7878201795752169,0.7778489737271055,0.8053919839771154,0.7888567255516784,0.7900788294474701,0.7992765155178027,0.8215402458963007,0.8199442743337672,0.8237545704774029,0.8405431849648162,0.8181667164027937,0.7990637503923169,0.8081724611635775,0.8101319196502872,0.0,0.8353979499941424,0.8110239504763959,0.8111299122045776,0.8724995086904543,0.8271709403547933,0.8158679600085565,0.7809569382088911,0.7882107195720972,0.8093943831444554,0.833654934356575,0.8611414515390474,0.7934997417767613,0.8163697314382803,0.7930042897385318,0.8193448436492353,0.8359877873778697,0.8037822711120333,0.8287703168068382,0.8229232210756757,0.8095739180548741,0.8528012256032423,0.7955007183912225,0.8226559994423931,0.8543537134975379,0.8281666642524044,0.8220937780992035,0.7970233628182308,0.8012465470533399,0.8192948527829431,0.8190926672862318,0.8346666382907865,0.8445429163738843,0.8213705578446303,0.899751030892965,0.7947815372088041,0.7771851709734565,0.8208129582008274,0.8128394558808776,0.8103658338987527,0.8041889444183689,0.8310555862850266,0.8802117377421155,0.8343103999712438,0.7933900073501451,0.8246079669762122,0.7750459187306079,0.7851156460986535,0.8074301065501523,0.8045415863276322,0.7869657188623825
triglycerides,0.7960026503484002,0.8121236873660637,0.807888018131141,0.7918290624607754,0.73666438001946,0.7745600560902638,0.7596091815737654,0.7931996944921711,0.7769015320205934,0.8100437011556632,0.7660881741343932,0.790902838983127,0.7718518604191649,0.8086516705110202,0.8389338338192114,0.846009355812133,0.8330031408393929,0.8742427967094726,0.8036256082612369,0.8353979499941424,0.0,0.8121090567297367,0.8035718511585076,0.8231433734012836,0.7958264391361993,0.8092758678259536,0.8493447595337497,0.7730221550809013,0.8103836434139275,0.7939504737703259,0.8083153982260887,0.7311381456222898,0.7901851550687204,0.7705277578420259,0.7712435974311297,0.8111559574141631,0.7941238288015142,0.7839593233718632,0.7860241050037566,0.7741913630418534,0.7978679627194216,0.8030858442926132,0.8009132430852292,0.785817817140176,0.8054903903538121,0.8562928747668731,0.7908738899552241,0.823550119643575,0.7864546940076103,0.8258614466935874,0.7933787353435869,0.7924276067307175,0.7793136013034128,0.8529000324654035,0.748360498447146,0.7259433049774383,0.7980780716695182,0.792320245712955,0.8020224197473357,0.7780205675813603,0.8155294002400862,0.8153851966825973,0.7846149017956515,0.7720788296675342,0.785145021101795,0.7439603022003097,0.7318540563035504,0.7785653587959374,0.7820860778846036,0.7825637923554005
RHepatitis,0.8463901472179781,0.8157925624023836,0.8167964312732198,0.7830368132500339,0.7334053037864301,0.7968445263402415,0.7821068254562427,0.8322116910667777,0.8023820487546327,0.8358341471554609,0.8193189853560752,0.8375768474274567,0.8052072870670367,0.8316361479496428,0.8155671971499023,0.835241464236231,0.8402046641715337,0.8227640436818212,0.8254510989321383,0.8110239504763959,0.8121090567297367,0.0,0.8097092522702338,0.7910488040123113,0.8220312011663884,0.8491772736910727,0.8091791982257253,0.8143310517496813,0.8093827571318987,0.7979474778950292,0.8281719441651814,0.7594966298600188,0.8499212628475927,0.844780539619792,0.8191009408791283,0.805541354028717,0.771559794226094,0.8037795990641372,0.7738526357458898,0.7922790525254293,0.8015947232120573,0.8032121304003605,0.7748612743670065,0.7759797567756164,0.7940835359470108,0.8712594051350712,0.8214873136882025,0.7952956707421182,0.8527817322998363,0.7909263845001746,0.8381585553006158,0.8093362095613109,0.7918569054137623,0.8257934425737702,0.7883781200456762,0.7697501188667928,0.8491508704272981,0.8705406548564002,0.7956598396165936,0.794559027572581,0.8069013495059364,0.8030118715893425,0.7823270926027429,0.794867867655481,0.8128648216846917,0.775222445241163,0.7844970705191051,0.8116785790409298,0.7868293847587425,0.8222386753957021
fatigue,0.797327737289915,0.797603296445292,0.8004054587142377,0.7622026462717671,0.7321531009435563,0.7806784898166702,0.7623623892497629,0.7825178035513616,0.7774476326247182,0.8217621317471331,0.7740595990010218,0.801437005699126,0.8077682820622478,0.8025937392266648,0.8055339668687195,0.8086551656700418,0.804211577281936,0.8179406569212821,0.8251708534761673,0.8111299122045776,0.8035718511585076,0.8097092522702338,0.0,0.8090311008221517,0.7937121260583974,0.822725115121322,0.8089338803267337,0.7824225024874635,0.8296442008381242,0.7692834490377092,0.8307464660314052,0.77798583390742,0.8114063376753684,0.8080705365477052,0.8165449265752222,0.8173700720417689,0.7717203470822539,0.805417854405307,0.7615113871826081,0.7704466235013883,0.8174621750856428,0.7933635941911517,0.8223528550240071,0.8309944499615058,0.7933451894416508,0.7824009256374937,0.8018894989517331,0.7785668298887662,0.7996821784499851,0.8001381792628433,0.8043818172633784,0.7839566257267778,0.7657338461292093,0.8298993081660487,0.7552397616104782,0.7234049327918485,0.8281188086480445,0.8392579762427098,0.7708098310815276,0.815941332397234,0.8152303339719357,0.8170404339838822,0.8224244787703078,0.7794802884147869,0.802361646241847,0.7604303288070906,0.7570498804744267,0.7878604029491743,0.7691605965129316,0.8102353677591582
bilirubin,0.8101481321957049,0.811002362308838,0.7988135253274451,0.8358253158734839,0.7894617338766227,0.7841666519531285,0.7642822635515002,0.7761558023083059,0.7817390413879313,0.8148745833613918,0.7878205546419792,0.7953560990749399,0.8377988156538101,0.8034383014016431,0.8347491293575261,0.8122804389281654,0.7985326149122154,0.8178024454679287,0.808702646966248,0.8724995086904543,0.8231433734012836,0.7910488040123113,0.8090311008221517,0.0,0.8458031200361943,0.803032819138697,0.7942384665132305,0.7854535265921944,0.80782383863369,0.8197953295898662,0.8453031400657275,0.7787526549979898,0.7995793545470032,0.7841327166418612,0.7911341473477105,0.829070726272838,0.7838197187513889,0.8191296345283614,0.7896312986098893,0.803025897422355,0.8291880778812385,0.8126219368823313,0.8361598676297166,0.8380710038971377,0.821920159747509,0.8162794550061574,0.8117568789943295,0.7978679044566942,0.815660349774321,0.813965724224435,0.801380538115316,0.8124690147212781,0.807899766797884,0.8443774239003017,0.7771687096803687,0.7609582739179083,0.7995210105827493,0.816541267896078,0.8095849582778288,0.7992017713278812,0.8318598176450163,0.9111587638232255,0.8267812402457144,0.7795740262779056,0.8040133980423537,0.7723503814828122,0.7666062842095587,0.8046636300315126,0.7770010837174387,0.8086333543358473
itching,0.7989360565228067,0.7949375728585298,0.7952128619433744,0.8346620494698311,0.7816783214204165,0.7784503772612127,0.7742417130835719,0.7930190953113481,0.7712256244766511,0.8084716828656802,0.7829093024797995,0.8084985336684187,0.8440779077173639,0.8138130379517368,0.8132370763419806,0.8023108817111876,0.8000592705410213,0.8026791279650034,0.8070701546440415,0.8271709403547933,0.7958264391361993,0.8220312011663884,0.7937121260583974,0.8458031200361943,0.0,0.8151760135917747,0.7741668622217509,0.8081336067377909,0.804739714871176,0.8213981024143682,0.8270666631334319,0.7846696849952094,0.8054420073807631,0.8226175870798615,0.8150065993000121,0.790863902122224,0.799133608632769,0.7985564760840622,0.7715673783889007,0.7951765733841917,0.8213111022388961,0.7873071652967476,0.8285098811649872,0.7926277873415812,0.8212779947982063,0.8071579276944862,0.811575319149098,0.7771712510200507,0.802693913258709,0.7859196536347138,0.7770397182837926,0.8081227583846019,0.8075912685091409,0.8229578090551991,0.7660419323351637,0.7561996731809263,0.8302907823566835,0.8535499943340352,0.8024254851653049,0.8059412442157261,0.8246531333794338,0.8355846524451628,0.7947587239291102,0.7798425982746378,0.8026297488851257,0.7680305702196936,0.7714822168610388,0.8214423715874407,0.7750297306688485,0.8049215470937352
upper_pain,0.811418676161824,0.8039828562279312,0.8055344723687334,0.8029270167746212,0.7521384311491199,0.7996248100286507,0.7708695471210207,0.8210195962658688,0.7753420841804365,0.8342961899502338,0.8014432265633473,0.8050217799459581,0.7953110200489303,0.8223458349674526,0.832362233701918,0.8226275561467549,0.8411858001817045,0.8136807351323035,0.8266291365507468,0.8158679600085565,0.8092758678259536,0.8491772736910727,0.822725115121322,0.803032819138697,0.8151760135917747,0.0,0.8044064252316313,0.8843465738806049,0.8750827625245923,0.786839365661915,0.8330221788790801,0.7473610960837592,0.8099580042377174,0.8367353968041288,0.8965299264499272,0.7891039240460604,0.7737566490232239,0.8028570389969505,0.7623505243985145,0.8093515085300715,0.8220441892296066,0.792311365649121,0.7916605832800024,0.792087054194595,0.8112451481216341,0.8657986735023901,0.9096589088637673,0.7929073351801177,0.825047926149807,0.7936922685275204,0.8097137969963579,0.8080651258512234,0.7824117841334974,0.8217936233879289,0.7806759186140352,0.7452648129480376,0.8220964979874388,0.8621824813053006,0.8256668454075022,0.8118160239959475,0.8121374574364398,0.8108988946546233,0.7829372792660645,0.8273863567901871,0.8386250922661382,0.7682111542354108,0.7642719690316185,0.8094985425995317,0.7911132894943683,0.8159696906380591
fat,0.7898501506294426,0.7859904099781588,0.809422046527064,0.7659512570442234,0.7404636533944297,0.7994407903476297,0.7836204465740988,0.7929907564156925,0.7938641422887146,0.8078020716405451,0.7707169869647276,0.804415897599098,0.7761128607761137,0.8079252900957709,0.8004580221200642,0.857716164902147,0.8664302441083361,0.8537220165657639,0.8157790816649693,0.7809569382088911,0.8493447595337497,0.8091791982257253,0.8089338803267337,0.7942384665132305,0.7741668622217509,0.8044064252316313,0.0,0.7697580585520153,0.8022981018183039,0.779086826526621,0.8172582962828607,0.7722767199238001,0.7870687469303351,0.7869585085015282,0.7784850790268006,0.8100840598971821,0.7745420340458211,0.7724531206406446,0.7902934442540733,0.7616316968432251,0.7848387724402397,0.8076460549553179,0.7710204119157503,0.7836868353350067,0.7892721202732613,0.8157661140767648,0.7907976183403377,0.8344311965833395,0.7863869451456089,0.8090610420677665,0.8064340281293602,0.7849277791358336,0.7688087197140749,0.8237752735605266,0.765824549378926,0.7425821103887164,0.8067778015064103,0.7998801667913471,0.7794569176024905,0.7615776413566233,0.8106949634661879,0.8006646597101206,0.806340220616618,0.8056036029612111,0.7825472302774714,0.7508644602835607,0.7534694657763888,0.7857055456550037,0.7714154017976971,0.7821913823683975
pain_ruq,0.81505872550835,0.8369950821877473,0.7756339186893688,0.8037027506085779,0.764595430387878,0.7742653024486381,0.7728097082458754,0.7951345441279708,0.7609001281664537,0.8004040984163879,0.7788483304072316,0.7839816463374056,0.78683451659977,0.7866582680096554,0.7838819117536029,0.8010342404879869,0.7969260486124905,0.8080849476708225,0.7864562431063205,0.7882107195720972,0.7730221550809013,0.8143310517496813,0.7824225024874635,0.7854535265921944,0.8081336067377909,0.8843465738806049,0.7697580585520153,0.0,0.8480299994584519,0.7890261577019964,0.8055779732621271,0.7617229346425844,0.7970469234812355,0.8321587653296576,0.8153601915210966,0.7638715778535453,0.7473914552243104,0.7705617039415689,0.7478375549592788,0.7887799745130588,0.7945008984619618,0.7625444645394377,0.7643466010144108,0.7663374374271626,0.7775706701367222,0.8387982389495636,0.8950453992049442,0.7740546414366353,0.8211188412624536,0.7831880350427348,0.7834645574497457,0.8054818007530485,0.7948234085475249,0.7816768349463756,0.7773777041339117,0.7532399685008375,0.7793131154409022,0.8401212749607796,0.7795514272132873,0.7810466429080053,0.7799254207264122,0.8000134788076555,0.7603374931582213,0.8041250499147778,0.8038685532783583,0.7612323762605773,0.7505825487521238,0.7749859678060931,0.7747817708703311,0.7912976113984423
pressure_ruq,0.774379705471277,0.7830213361172664,0.8208736793383434,0.8035089258081352,0.756317701792852,0.796934849026337,0.7509827209330356,0.7983406196942902,0.7566673412343027,0.828303679272177,0.8123649727039457,0.7915630778732534,0.8067953617493524,0.8297581806811243,0.8145445956196357,0.8122088560169999,0.8483949193586287,0.8163915836240229,0.8320502705648958,0.8093943831444554,0.8103836434139275,0.8093827571318987,0.8296442008381242,0.80782383863369,0.804739714871176,0.8750827625245923,0.8022981018183039,0.8480299994584519,0.0,0.7754158215812929,0.835003360670977,0.7604081301588607,0.8173802932019321,0.814316395533106,0.8468689410726509,0.7884908514963392,0.7706900912009418,0.8000086922267287,0.7631909383316497,0.8077542240478672,0.8159395997555916,0.7720640444701496,0.8005989293467893,0.7989347857317959,0.8067691847290516,0.8617480449306701,0.8388568525342677,0.803641491912168,0.8288569020561836,0.7665586464201901,0.7999644890793713,0.8253395323562086,0.8041295392294713,0.8114169523812739,0.7722852381115877,0.7419739999235616,0.8028317877805049,0.8341283610642631,0.8151495850950508,0.8081162848243263,0.7982753674455285,0.8141202535487894,0.8083686063253116,0.8419544486210075,0.8348706900161879,0.7857099877149428,0.7893477049819261,0.8164345269548713,0.7859357273140236,0.8181114682522248
